[  -4.           -0.78906      -4.            3.9922        2.3125
    0.64844      -0.18175788    0.68914616   -0.47064053    1.24265589
    0.56538344    0.71397029   -0.2397091    -0.31450564   -0.38100379
    0.03149606    0.03149606    0.03149606    0.6298597     0.36822442
   -2.94072845    3.46785298    0.03641409   10.26858591    1.33984
    0.8105275     0.4687505     0.04724409    0.11023622    0.06299213
  -22.319703     87.827898    -60.1091765   201.88538641  101.70635036
   93.6007788    23.265008     66.13684826   20.45375158   18.10273967
   21.96857925   28.15314525   30.37984709   31.90129629   88.210708
   12.38440292   24.9256981    21.81107911   13.56971015   13.25889048
   10.73117142   11.96372614   60.241988     30.68520887   24.26863703
   13.562848     12.98846131   15.06015712   16.13726555   16.46352696 ]