[[ -0.4955885  -0.75825867 -0.01632472  0.89005452  0.29020919  0.85483835
    0.23934936 -0.63460495  0.34026008  0.98323687  0.26650768  0.00286324
    0.          0.          0.         -0.27415936  0.31987018 -0.13166891
    0.03771712 -0.35898066  0.83632615 -0.24131383  0.06177251  1.0669663
    0.04957902 -0.13109618  0.16680985 -0.56576446 -0.76581774 -0.32448843
    0.24101728 -0.63776908  0.34140949  0.63010753 -0.17725369 -0.29524879
   -0.43619388  0.89260375  0.35710633  0.92696057  0.59412036  0.32839261
    0.20337616 -0.0655738  -0.84971255  1.47950226  1.2566451   0.94669356
    0.61348309  0.04832326 -0.13329105 -0.33820869 -0.63784515 -0.08132457
    0.78075209  0.54408897  0.28601188 -0.09239062 -0.19847467 -0.35371061  ]
 [  0.01206688 -0.8901881  -0.24827035 -0.63272004  1.01669313 -0.37367471
   -0.83853598  0.84158732 -0.2620122  -0.89543301  1.57965609 -0.41696386
    0.          0.          0.         -0.00815398  0.03724915  0.83064936
    0.17726429 -0.22580587 -0.24026931  0.1756913  -0.25082639 -0.15052031
   -0.05187921 -0.10997177 -0.00758349  1.1477849   0.11042281  0.97912014
   -0.83844708  0.84325916 -0.26175582 -0.00674667  1.70879781 -0.51058783
    0.91745562 -1.08956834 -0.78383357 -0.77862932 -0.71011706 -0.42542088
   -0.19485359  0.30336227  0.98446337 -0.46093388 -0.71360329 -0.48367122
   -0.33697256  0.33434501  1.02822636  1.49552329 -0.46631555 -0.76274246
   -0.58499785 -0.55341223 -0.58006521 -0.4166744  -0.17300036  0.06998457  ]
 [  0.69041456  0.92357268 -0.85867519  0.1046742  -0.79663362 -0.87171406
    0.45885466  0.40160455 -1.29866851  0.36610497 -0.73475737  0.1392022
    0.          0.          0.         -0.46488887 -0.67093586 -0.38379017
    0.42504099  0.0600919  -0.86768106 -0.46173729 -0.55990082 -0.61255078
    0.04899337  0.1889388  -0.19498522 -0.73220568  0.02084339 -0.51624934
    0.4596214   0.4021133  -1.30034798 -0.26110883 -0.44663279  0.43361545
   -0.60885531  0.56933636  0.31768029  0.23532732  0.32097646  0.56855897
    0.48337135  0.15878866  0.42349777 -0.41564972 -0.32582023  0.01674438
    0.07310383  0.23052233 -0.16000018 -0.3480366   1.05260769 -0.19575602
   -0.06757743  0.35186809  0.79904584  1.1841139   0.8916975   0.52326515  ]
 [ -0.52526435 -0.09025115  0.59375621  0.23411064  0.09813741 -0.20902467
   -0.52754204 -0.30392585  0.76274966 -0.21774824 -0.36631879 -0.52819867
    0.          0.          0.         -0.2369411   0.36523959 -0.62630461
    0.02040506  0.15242392 -0.20736319  0.64974783  0.82961773 -0.1836806
   -0.00991838 -0.01821361  0.30419869 -0.45425221 -0.35090786 -0.48556699
   -0.52891463 -0.30389501  0.76391037  0.15000186 -0.51336027 -0.56582246
    0.52204531 -0.31929634  0.08409139 -0.09833596  0.24147678  0.00991825
   -0.13881101 -0.18392949 -0.47603354 -0.01728431  0.41791277 -0.13041975
    0.12315669 -0.16797569 -0.32822301 -0.40607325 -0.17640766  0.71389852
   -0.00614694 -0.18408265 -0.26817147 -0.41211175 -0.4944399  -0.51638353  ]
 [  1.90764561  0.92937512  1.07998343 -1.07344963 -2.08886127 -1.68413265
    1.7549694  -2.66177904 -0.5995862  -2.42496689 -1.61315369 -2.11434231
    0.          0.          0.         -1.48559083 -1.52258487 -1.75742769
   -0.60440525 -0.22083347 -0.86259082  0.70792055 -0.28962638 -0.44623857
   -0.51618604 -0.20135653 -2.83180955  0.19631794 -1.17932504 -0.970025
    1.74402819 -2.6577322  -0.60027223 -0.12610077 -1.04815505 -1.16990629
    1.10824835 -1.54129498 -0.88386987 -0.83090652 -0.988029   -0.99752869
   -1.01257627 -1.1121267  -0.88918981 -0.7193172  -0.85867347 -1.10021136
   -1.2712571  -1.24713249 -0.93851555 -0.72617193 -0.0921064  -1.21541661
   -0.90852261 -0.98132133 -0.96993711 -0.98570504 -1.04471314 -0.97810478  ]
 [ -0.00481017  0.66945687  0.41466051 -0.46712718 -0.25938295  0.94922135
    0.39317979  0.11229706  0.63466821  0.12910993 -0.48086535  1.19880945
    0.          0.          0.          1.31433915  0.22496263  0.64785511
   -0.61765082  0.42898848  0.68499019 -0.22898307 -0.01894116 -0.03194421
    0.0444184   0.1001809   0.19318721  0.65151616  1.24738066  0.56167702
    0.39374805  0.11263613  0.63390381 -0.51512901 -0.39970618  1.17303251
   -0.57237093  0.1672104   0.15361503 -0.18276047 -0.33089535 -0.37310369
   -0.2281057  -0.04422685  0.0546389  -0.49330963 -0.52891217 -0.19470339
   -0.29838692 -0.27205322 -0.26030275 -0.27990497  0.2132896   0.54952749
    0.01782733 -0.02456685 -0.12734993 -0.16556644  0.11077538  0.43886911  ]]