[[ -0.41722825   1.11010178   0.18623026   1.21289425   0.17290435
    0.04105252   1.60207962  -0.00768584  -1.31359261   0.12132451
   -0.24101856  -1.38260636   2.11217492  -1.85046419  -0.39614937
  -36.47518484   0.         -12.80529443   4.06361813  -0.25408101
    0.05765374  -0.12139047   0.11822929  -0.00129923  -0.40884748
   -1.11121311  -1.06722765  -0.94093247 -10.62062281  -9.19823419
    0.01854678   0.00424599  -0.03447011   0.01195052   0.00053663
   -0.01330128  -0.03633238   0.02175934   0.07196756   0.01482204
   -0.00696761  -0.00168748  -0.00352983   0.00229705   0.00773929
    0.00430193  -0.06553021   0.01938122   0.0145655   -0.00570637
    0.09260493   0.05022192  -0.02209268  -0.02409669   0.05402655
    0.05873322  -0.08835683  -0.02403554  -0.14229614  -0.01345368 ]
 [  0.01490459  -0.07668761   0.56202596  -1.54816822   0.13080512
    0.03849012   0.42112493  -3.92942443  -2.54660143   0.28524715
    0.54200421  -0.82361858   1.30566322  -3.1973311    0.50453832
  -10.46093839   0.           4.24269833  -0.79284402  -1.248084
   -0.49061376   0.01545866  -0.13198472  -0.07262325  -0.2617898
   -0.95265311  -1.52157803 -16.97477785   3.30863839   7.22377017
    0.0001291   -0.02663413  -0.03641607   0.00538063  -0.00008331
   -0.01018095   0.01141745  -0.00919104   0.00952627  -0.01250228
   -0.07181451   0.03137959   0.07116494   0.04453097  -0.01810827
    0.1014096    0.0674939    0.04087968   0.04634148  -0.00900202
   -0.02627674   0.02763846  -0.02499143   0.0153472   -0.02702147
    0.0125077    0.03334855   0.03818476   0.02281379  -0.08024267 ]
 [ -0.1870713   -0.93184081   0.19473805  -0.25962944   0.34061884
   -0.10675378  -1.82682304  -0.17206902  -0.72402455  -0.28671035
    1.17236116  -0.66973243   0.7943766    0.09087937   1.66665778   0.
    5.04640463   3.22841314   0.86650619   0.19924622  -0.0625342
    0.01363878  -0.15761503  -0.01313639  -0.58113659  -0.24629995
   -0.64422802  12.47078361  -1.8871218    1.89030878  -0.01264431
    0.00371049  -0.01149566   0.00201763   0.01001759  -0.00803368
   -0.00110832  -0.0365719   -0.09216265  -0.05358101  -0.0547311
   -0.04090383  -0.02134459   0.01353815   0.00183765  -0.04099473
   -0.09978423  -0.08352208  -0.02870599  -0.00752537   0.01794479
    0.05710456  -0.01063796  -0.06556036  -0.03350688  -0.02637517
   -0.00591403  -0.02752263  -0.00809692   0.00255637 ]
 [ -0.77317729  -0.05061146  -0.08122706   1.35769908   0.31951593
    0.62770967  -1.7831156    0.32627107   4.25700798  -2.74975574
   -3.41109095  -2.70344666  -0.92422346   2.98770145   0.48111661
    1.6618542   46.14769214 -11.23578179  -0.02247382   0.40277143
   -0.7522288   -0.0189771    0.23214775   0.05966405   0.03971811
    1.67055765   1.40402239   0.          -1.78892191  -3.50327084
   -0.01985407   0.00758234   0.02009764  -0.01173864  -0.02466865
   -0.0576453    0.00929728  -0.07151018  -0.05890017  -0.02226524
    0.05498787   0.0463967    0.03191994   0.03537976   0.00581622
   -0.08045906   0.0158924   -0.01526869  -0.03715822   0.02888083
   -0.00459216  -0.03174581  -0.06108857   0.06254682   0.0343289
   -0.02193215   0.01889524  -0.04670762   0.01941432  -0.08502149 ]
 [ -0.1481451   -0.44675544   0.13770204  -0.14874244   1.29435797
    0.33440272   0.93799114  -1.03996184   4.06713166  -0.09076585
    1.53214071   0.52403602   1.52715107   3.80847839  -5.20814957
  -28.18102146   9.59704181   3.19374175   1.30393851  -2.34517938
    0.00899424  -0.2020204   -0.44589383   0.03558899   0.22694575
   -0.52417041   0.66967004 -36.05994498   9.36142294   2.38638533
    0.00983964  -0.00510139   0.02422128  -0.00850949  -0.0082891
   -0.01477189  -0.01469182  -0.00824444   0.04151914  -0.01284098
    0.02208934  -0.04215217  -0.01467197  -0.09106452  -0.01134655
   -0.09646182  -0.05827163  -0.03911527  -0.00974498   0.03920153
    0.00742314   0.04714328  -0.06299312  -0.00516253   0.01331672
    0.05305516   0.00098884  -0.01812195   0.01022577   0.07519117 ]
 [ -0.22112499   1.86639114  -0.103318    -1.9310633    0.61692702
    0.1160267   -0.34344665   2.93486375   0.53379017   0.03212484
   -1.11798788  -1.96641346  -1.84941861   0.26881697   1.13249419
  -14.06130335 -10.4761407   -2.6416686   -1.33789848  -0.68814277
   -0.45795006  -0.37549778  -0.01274515  -0.01049912   0.04144128
   -0.24419866  -2.01641989   1.44274122 -13.49766873  -6.76096382
    0.01736092   0.01969909   0.0207501   -0.00156751   0.0003994
   -0.01622634   0.01491761  -0.01392022  -0.00644053   0.0253591
    0.02256125   0.05318254   0.09616666   0.06214999   0.01327804
    0.03948238   0.00421881   0.02322158  -0.03225783  -0.0063975
   -0.00027643  -0.09617558  -0.01594579  -0.00674692   0.06807755
    0.06470383   0.0125975   -0.03354179  -0.05305498  -0.1006886 ]
 [ -0.41483969  -0.08543508  -0.20015167   0.10892743  -0.45273825
    0.09727997   0.01231359   1.55096413  -4.04454151  -2.24052507
   -3.16125136  -0.41072332   0.11237818  -0.66238238   1.05166595   0.
    0.          14.45680494   0.65907704   0.43779522   0.04656743
   -0.88603589  -0.16842663  -0.07938649  -0.29338002  -0.01384779
    0.38046927  -7.78350792   0.0273717   -4.5871682   -0.00244062
    0.00664985  -0.06280654  -0.01132026  -0.01147864  -0.06581105
   -0.02649508  -0.0243428    0.04536545  -0.00768935   0.05210589
    0.00569569   0.01924934  -0.0223831    0.00808804  -0.04838812
   -0.02725038  -0.07578609  -0.04300059  -0.00030388  -0.08122089
   -0.0797072   -0.02731618  -0.04254138  -0.05767951   0.11671453
    0.15615381   0.17860806   0.16924129   0.17081178 ]
 [ -0.44828633  -1.55061545  -0.68442409   1.17196911   0.18703989
    0.63027268  -0.17971383  -0.65436976  -0.26575606  -0.05354586
   -1.03707918  -0.22010166  -3.91519674  -0.97894891   1.02383642
    5.22021776   9.26897328  -4.08413405   0.74070668   0.46288752
    0.41428624  -0.53892623  -0.21998642   0.03553576  -0.47574029
    0.18207645   0.01384367   0.         -13.68880019  -6.90527142
   -0.00285355  -0.01412107  -0.01362996   0.00495146  -0.00747489
   -0.00973116  -0.02239319  -0.00934726  -0.06528338   0.03034959
    0.05547878   0.00898662   0.00082834  -0.03837378  -0.01381212
    0.0203858    0.02137135  -0.07734772   0.00275349  -0.09101151
   -0.04391551  -0.07138042  -0.07428106  -0.05185446   0.06806577
   -0.01407646   0.03908686   0.0185282    0.00128143  -0.04281512 ]
 [ -0.05092511   1.20291765   1.12491764  -1.77308516  -0.23138038
    0.81185737   0.07516911  -0.16350935  -0.81351749  -0.32387905
   -2.55266671   2.51222167  -0.05129319  -1.52990679  -0.75234543
   23.48433187  15.492857    12.12262135   0.           0.00314143
    1.60956468  -0.106707     0.00955877  -0.18331327  -0.31662339
   -0.74256767  -1.52369744   3.1830086    4.37693304  14.59998234
   -0.00646662   0.00179065   0.00111425  -0.00163047  -0.00859926
    0.04191248  -0.01049309   0.00135839   0.          -0.06023482
   -0.05998616  -0.08877625  -0.08614959   0.09288211  -0.00554724
    0.01227927  -0.09525215   0.02367437   0.01338762   0.00662919
    0.01721938  -0.13606716  -0.00695107   0.03800038  -0.05973286
   -0.03351369  -0.04483349  -0.04420913   0.02131513  -0.00069027 ]]